15186049
8232765
1501757
12138606
1591107
683304
5931802
9168502
9619531
15825538
3593391
4774939
2986984
304424
2818281
12018170
7497538
7619785
15626429
4955971
1731696
14497127
1069125
14481639
2577867
5341170
16192728
7652869
14384949
6427972
4502885
8582713
6576747
9642717
4789474
7849838
5983465
12995424
9849273
5578619
13929900
13295774
2387850
13403936
10383090
15932234
8635837
15955373
5782395
13715186
9009296
14795830
1558223
2070725
5422992
3424791
9297176
4501241
614002
15523895
10858359
4054591
3221621
14447282
7566900
3140739
9518458
12136033
7276802
10268092
4349710
9416458
11720544
10701299
3683760
12728604
7153281
15826125
6465409
861264
12513117
15183903
8891553
14801118
11027795
6542794
5391936
9358471
4418680
10738448
7374716
10130762
7816423
6132219
15455682
7793252
6583934
9580056
9354636
13145818
9753903
8632788
1161935
8820983
7356786
5708582
927347
3239133
934332
11522554
13686453
8561558
15835287
9183940
2743098
13310234
14180034
11994423
10666511
13328417
16095472
7484331
15000742
4927451
13626613
11138313
4191840
14482225
2374093
8495705
6505673
8612024
1181842
5964795
1726533
4164393
11581832
12718745
13872478
13220320
3991413
3516018
5934959
9524432
12057610
15564383
1206227
6620472
608657
15052827
9209126
14676329
4014123
5310192
5445526
5012504
7442088
14527907
5193107
4094945
6469792
14315196
11997833
7678958
8151978
7545832
10095499
16617505
11488378
1178576
14356273
11707288
14707073
5572437
7658002
11123969
14394077
4723803
14736259
1265347
2627264
518017
2814560
12717824
11466007
3549220
439013
3998222
11756795
4859097
8208528
1478450
10348948
16083810
761158
802896
629294
11997029
10003658
3405702
7139824
7440616
8717534
16318145
175635
6424431
15751698
16413413
13913508
9421574
5858180
8526671
2452150
14590493
11003780
15795512
5368446
13106193
8948764
13456887
3766067
1338816
8350774
3026146
8840054
5427452
12953623
5925732
3603180
15743738
14311798
4355253
6641152
12341753
2196613
4779173
4749084
10340710
14297769
8192767
896370
12711542
8469932
2858306
709661
11100147
1635713
2799515
11819944
15608697
10599344
16744065
6778690
7942808
2918603
5644474
4865386
1199296
10339887
16137252
8009122
11042965
12037000
12022602
4628680
8977032
3455084
4680810
9996197
15077347
5491095
16632227
4983550
3182453
6361833
2359970
4899005
11736075
6252201
11939960
6189809
392063
16665339
5337376
3788319
8955904
8571831
6913950
3845372
12548683
12078166
6964437
5521115
2542654
4400825
6529449
2440203
2653423
10953731
3572321
3843883
2118594
15142876
12436228
12624821
6074483
12074940
13285858
12718171
5985301
12325613
15525488
15511144
4410386
561212
6136916
14450211
14255642
7305025
1413780
6087238
15319959
2207848
11610827
5722570
757437
5049282
13611410
11704012
1285070
6158038
3994959
885497
14114872
14497908
16732480
3196129
15364204
4852407
13372587
15222162
15257115
6947355
5224448
8700524
13581403
5781649
8173561
10863461
12847036
12650571
14825427
5480966
16688862
16668364
6130745
10686504
783943
12767637
11095717
16377577
4553075
11832723
15376827
5533065
11564294
16381206
3209322
12231867
1602517
2345211
15601836
11490479
13239337
13818904
13147408
15727171
226599
6815731
13448082
13404693
9432987
14742029
1030606
2825657
16605838
2018806
12368890
5226512
4517162
14951578
8407794
1435836
152901
7348477
7758646
9567194
16445088
4428012
331930
13695375
3828620
8057004
4320867
9834639
10440188
15345437
10489468
1316541
5052758
14096177
3824277
8721115
2528117
12314579
10034242
8817086
7538476
3504095
10834785
4433879
11460219
13511657
7799174
6593712
8744757
8954608
2134956
15761618
1799259
3350865
2452979
12472017
14252479
9312630
1736169
7222650
11608235
1201139
8332194
895691
5659715
15153135
15406773
14482736
12315968
6796470
2481983
11727209
4190027
8298883
4758019
362477
3096769
14949513
5435124
13632225
2822439
7063895
6103214
12674707
1682584
15582349
14417588
5838912
13597914
781060
6764992
5181950
4168790
1873966
2713071
11073053
12697139
9987744
12449843
16232377
16757332
16752988
1587254
1329447
11640173
1575003
10601345
15938232
12379808
9575084
7372770
8574138
7454299
1918762
2897596
8807904
358129
15724177
4939586
5341948
15614069
8583550
14321564
3919309
2645968
15636074
5331557
9190843
2485952
15819394
1920037
1056425
4026521
4482991
8175874
7454357
6815735
10669532
16646998
8077933
3675524
14772456
2168214
10632332
8358111
12792683
2130582
1284975
8563813
11125681
10118198
10880165
12555323
6787074
6838068
16273048
7578188
3724423
1753392
10396328
10704198
16237465
14174404
13168662
16429487
6075550
3448058
11683484
8198937
12507375
1210021
11201774
4285008
7529845
14958721
9669421
8555767
2465314
10750082
3898190
2254211
10453347
12556900
11905144
13060316
944421
9574152
9943787
3773191
11993060
11897643
4093557
12599117
12895917
8015799
6684248
11019295
7157718
14488567
6842770
9050301
12232050
2155522
13432231
13128714
4248937
1650891
3599253
8884875
8278870
15765916
9675320
15124119
8451324
3914990
7412326
14291701
4019564
1638193
2726663
6225657
11206558
11437422
11144676
14202102
4966215
8078945
3291238
11324035
5456255
1155939
12864847
15515245
1737134
12996924
6602089
11193474
13172212
7691490
10884213
3921040
5360654
3714848
12813557
10375637
11862116
6168905
3108920
16536573
12898245
7320108
2791363
12205177
13620422
5421788
3805570
13300583
4548521
132140
13819953
9187509
2158069
5473604
7404878
14829896
6175192
13528880
1994821
15480582
920475
482815
16512986
1633914
9719112
8541112
15072694
6143878
14953694
9967951
10727586
5359921
10453001
9843622
2086755
1006833
8079524
12749740
12995648
4951353
13133516
8771284
15017728
7907064
13623179
5877064
12579015
15118309
10367372
10148750
3494249
1670405
14632820
16319161
9597124
8515487
13382904
13107910
8304496
13458484
16206778
4868935
7870567
9511040
1485686
12137798
14547063
6333574
4942061
3111670
15071251
6566111
730206
16260276
6498251
15237926
11896385
670676
13225677
15288902
6482759
10959017
13051134
3457220
1940069
14260111
4386499
5149868
9598211
12293553
8025909
11463893
1254677
9895922
16522608
9859960
7639848
3258750
961205
3295172
16044549
11121217
5933199
11015448
12505787
13825299
6373273
11233245
2094464
12740361
14643303
13230015
4849124
10558274
10205184
14016003
2940509
11232625
3088276
3778316
16530491
12949298
13190038
1513720
275605
12871321
8925160
7317551
12959896
5246032
5105110
1208139
11323189
3160845
4453249
9243479
11753194
10618478
10535898
15765928
11945946
7199192
15081645
10689253
16218137
9490004
13862427
14201003
6716815
7300688
8689342
13075028
7916894
12334237
354811
15293168
11760679
9948950
15350109
8370228
1589271
8983074
10075762
950650
10229993
4648541
10188686
7485486
186011
8673988
7149252
14363181
1806531
13273352
1186534
6513529
13808114
10087646
1605003
2630012
13393841
9056168
12874537
1687474
8684554
13288752
10510848
2061825
734389
3856865
9296341
3136887
12699980
7138434
5888222
8303132
16636145
13310536
6938828
14119360
7730207
2118115
4725169
368985
3103821
9305670
8013473
3219029
16616525
13685172
11133170
2685113
10429752
9638669
656065
2033493
14288834
1238877
3968721
2847372
13042919
2465309
11231984
10855732
4576683
15987961
10320388
11720723
5299381
6413697
3820384
4473895
10074216
8956342
15531383
8588428
10796261
11999535
2240980
1921878
2694743
10870084
16009017
4814542
4632720
292020
13329419
13109213
8432870
7877656
7659142
4005945
14525920
9356709
3051776
1370340
2270455
11210194
1390144
16091399
1510773
342246
5661723
5086177
15346434
10591373
2650310
15567811
4384529
12011100
13060341
10598730
10277126
6394217
178538
2274054
1703260
5134341
11740617
10261444
4260783
3508258
13846399
11148839
12717556
14720786
11141671
568613
4468665
2377961
2833984
7633676
12551814
4380424
4269841
6100543
11966480
7148906
15412356
14464199
5921573
13905005
3034392
7415768
2287766
3834675
6549130
12107822
8209841
14295583
14279820
3663051
824617
9233234
4793279
2189588
3307883
11544017
158577
5236391
7473090
4777075
14633433
8072276
2392459
10193339
15539261
9762766
2393161
13826640
5496362
6489175
236809
5689113
3278859
618356
1932296
8266419
1484154
6461254
14382419
6853229
1893979
3999079
12963379
4513256
11823691
880523
16025912
12124195
2001909
15279383
4794014
16752082
13312235
10014935
1183926
8682911
4264468
6932678
14569205
6589579
14512159
480596
8681963
16066613
5258865
10196803
8313495
5331145
12983500
12240938
15985388
5304617
14595141
3563563
16455803
4633553
706178
12823567
1929143
6648630
5561833
8528910
3975705
10902102
13681207
1607172
8300286
9249712
4609577
6461297
16155106
8642304
8957969
12279280
8444932
1390277
384990
12943626
16670525
8256238
1550502
4583490
362320
3437551
14987780
14382390
16523637
16770554
7835005
15385928
3222377
5328165
15074759
16269818
2391734
14034451
600125
5557349
13528669
3199180
11758531
9232540
6213484
9724533
3429209
5649109
5385292
3441666
9270516
9040668
1749541
14685441
4744858
1963819
4852401
8968262
9876373
5223838
14962524
16150934
2855270
9843760
14667695
5948684
2424673
8183052
13563948
1214632
5418007
7685970
11562000
12784452
2637948
1777153
9682540
9537503
14309709
16109652
2376252
3743340
9096064
2099266
5797937
14813458
14421892
5050722
6209505
9516077
5476567
12158171
746540
564592
2085594
10907707
11000711
11686161
11405569
11179554
2512867
11743243
2491993
16368283
1471180
1162854
10804958
11074226
16254014
10516654
2083749
16558482
4645255
15403730
450705
853419
6582382
9209138
11134819
4032755
15562123
3407011
4306724
14835765
5721758
15031601
8261696
15245703
15507016
7631471
6114439
4356533
4800878
12644694
323047
11501106
12772096
1158155
14130941
12463497
5147832
1565977
10345680
15744432
3851735
4664160
5572762
890580
6553493
11358008
14207801
12799011
4375921
3752506
2144495
2960432
665892
5130929
1323816
7264519
1682015
4224902
4474495
14552771
4791562
728979
2708692
7716826
16595214
5059614
9819409
15268237
14168103
7661675
10445908
15053566
15809672
16686251
6313355
4681591
1911172
9954962
5987555
5128732
2664868
7480223
10017633
8234998
6252261
6698302
5217189
10473134
2512390
6108130
5827395
4672445
14247958
1980553
14697281
7121618
13265289
6642222
2096663
1528934
11671373
13894476
9419050
15038494
13716581
14518457
13253357
5002104
6355132
15793170
4934904
10904989
11558853
4224548
9675248
10225347
11087547
14370542
5982635
9643420
2902536
14593609
3901971
12546418
10023827
9889668
1790003
16342398
4983662
3977463
10775147
9155265
12569944
5319696
13363736
13429559
14904165
5533717
7958527
6653132
4674523
1818550
12894885
14460317
4889150
16753744
677891
7450452
4777003
3391462
12444779
1783369
6430326
5489867
10251827
15977467
5509278
4218406
10467442
3036441
11751522
4649966
9135713
1604292
13893605
14415104
4412429
2950942
13156964
14215380
16388049
11573097
10961181
11011188
11329926
12946433
11468670
14795369
14260357
12329297
1171045
13125546
1482666
1138353
1770855
7128773
13254151
15030695
14461676
8586034
8917864
16586587
5688046
8410828
15851749
15146100
7924980
1362091
6198912
10557058
14614242
9491362
5502818
8956724
6723534
7617036
14839174
10005059
3405624
10213633
2413448
11600056
10177852
971874
5898021
6543490
3572658
3933432
14161965
6969318
15421764
12089171
5613046
15213096
5112507
8882974
16355349
9424932
14647021
8272941
13100488
3304730
2470588
11339474
10903992
11996133
270290
12729550
7179446
3001372
14927257
8938881
10015198
411466
16403494
7678001
3635175
6034759
9648042
6772618
15363741
11974201
8268802
12972016
4608855
7086397
3790542
5995468
4953054
12253919
8656530
13072252
7977852
2107087
5259755
2125670
4440575
16398076
15933208
16513893
1156911
5435446
652428
11079860
5781173
15178744
6234935
9823350
16183208
10395794
15969758
15440411
2465727
8154904
4776329
9562097
5647351
14379482
10005955
4177577
6198935
997589
15205125
7386038
10151116
12184809
10706495
567324
9493415
5523368
4805915
8319659
14312681
12977874
7604974
957270
12910389
7065677
1750554
471840
8329766
7440425
14566349
14753228
11750798
575204
11430089
13379215
7445074
1752172
4027402
4635644
617373
11603402
829372
7130988
12119773
11583800
16453915
7014012
6166650
10471603
1598554
16482155
2017691
4683384
3445200
1966239
15073304
13861854
9904400
6686197
13743238
11815478
15931562
12587340
8352430
16216269
12831154
9509919
5844431
10636353
5400610
16681999
12790770
867194
16339074
4126957
13103399
6082375
9589550
11476448
924862
388210
3254744
16320054
5992083
4351649
1796016
4837067
12280139
6024623
11830252
2288609
11968171
2247020
4394004
11656934
16266636
16554434
13945783
5739741
11797404
8260905
8697047
13208247
3920083
2932240
1225584
224916
7910865
8995711
16462390
6142084
2660685
10824362
10453654
14283048
10541717
10604643
10248630
10663341
1906565
14470054
588557
7175231
14602900
4245305
1231570
6586506
9140599
2414943
16355910
12304825
14273929
9062187
12441980
5087460
9981016
5729927
6889707
15750419
6045705
4139099
14714035
10700431
13392819
2442371
7274254
295864
14219189
3757343
9124591
13912885
9722856
15759347
9094749
15292456
2767287
10314733
10807697
14600666
2960830
3147986
3417927
10524453
12941029
10711084
16375848
9782316
1122323
5131037
14705055
14001083
6140006
149904
15477676
2278179
8625226
7712369
3867827
9667714
8955702
4512556
2609546
329215
12788120
15803517
3382857
9290176
7168098
12330220
7867806
14985270
9394893
8388558
9237395
1868251
12412764
2771871
12018160
5712980
3305893
12084671
6439548
16459474
624447
1383736
7791204
7999331
15567444
7954462
646503
3259670
8156000
9695360
766484
1338848
12224860
7486542
15742658
3590524
6162190
4587732
7611298
5396683
7925061
538481
13444469
12612015
3040207
6377515
8149289
13876961
7773533
4421745
12373679
890837
2311434
3584769
6593562
2278277
14554651
15141467
15480060
7032767
15556453
13103968
7336116
13533806
14504758
10283777
10022962
7672181
16355779
15790508
10462304
234650
11681564
13062968
3015974
12466778
3149107
3429213
16302491
15413407
9586392
14753723
12269475
6802375
1337527
6007127
12873667
16676314
4913415
570119
15762606
3269459
9753909
3277068
5001319
7952271
12799487
444968
3454593
1124013
1201520
11832593
12969838
12694151
2252471
6524897
9713475
5196355
4586859
13335377
4589252
13065521
452502
13220633
13789944
7141249
10603532
15018129
10817990
4552667
10550209
11646718
13364383
14591230
2666845
13085288
13023289
4188165
10011912
6403264
3870217
12021860
5423944
10625631
9929718
12173156
8131591
3479646
14937426
16561998
13009445
9336415
11288594
11818139
7396251
9565026
415362
4000248
8281599
14214172
10279868
1509686
293449
2372099
14515027
6234127
13790436
13069993
9172616
1252856
8580016
11518104
3690135
7320924
7565854
1138399
12697451
15174653
2204580
7815361
13304886
4563365
8123831
15661254
10369822
10264269
2485258
16639799
6871621
7085198
2112279
9249193
9724453
7340250
14296597
1756334
16048940
14412737
1860900
6421507
7262776
6558085
8668930
5397950
5704803
3094310
15009218
7895027
8784459
1749286
9457641
16492324
10227887
16575623
15316474
10977368
3363816
11023666
8214462
195949
14116975
3144027
7414723
5883477
4495401
13954050
5441069
12578904
6397416
9711369
11944364
996948
15624693
4881736
6427988
9018345
5746449
3433331
10286170
9624385
4229847
15370692
432145
15481494
11753941
2444565
14006565
12672552
12983062
8598074
7363053
6380924
5133142
7911290
13717688
12806618
15434067
4498239
3323207
15032581
12942874
3209827
13596691
16516045
1368427
8808679
635870
15373803
7157416
9378652
6695361
3368161
7255506
5120731
11547987
1517580
14991765
7646999
7323818
722485
3459627
12924646
15216314
9178600
6736243
9137491
14918991
10973112
13005133
15226250
9887200
343376
4304549
4159388
4386269
2088867
1924230
15862177
16056922
3801879
8793745
6328494
5146851
5970821
11466045
1122712
1234429
4697413
7445291
5763026
11741714
5743891
2262471
427604
6198747
2144430
9207646
8780012
11419612
14296674
11590043
2099530
1242206
9397338
5447743
3993503
4241488
5321401
9324713
13818071
2016413
3010222
8179347
4831544
10373910
1274539
3562767
15638368
16160400
3723708
225185
11136715
8281563
3341212
15363555
644940
2872110
9835952
5113803
6217264
9201679
13626471
9348440
3183459
10694438
1589683
1139940
11642432
15530581
2060873
1766383
9232539
14025271
11375949
11487693
9918484
14957945
7803586
3894772
11074521
10041565
8455571
3584072
13956249
13425742
5931160
10714121
10476491
2698585
10615585
5822852
14039870
7527245
12082084
15016690
5899330
1686714
11665224
2292056
15305740
7135313
11011220
14250596
4275768
4285449
15886426
8735668
10525944
9428047
8922972
15001099
9807098
5839136
1812092
3036982
12414894
11724899
10799213
11546517
10714769
584289
12194801
10748775
14865073
227086
10254954
3505126
10193640
5060568
3611981
523426
12174862
14072322
2157453
6934848
13425346
11767783
1521516
5743374
13982075
10112090
3486551
2989982
4576528
10412317
15690408
10974655
460580
8114326
12464837
8194030
9950888
15649359
5258299
4230753
666609
15548727
16183983
8370810
12963316
12933522
12546092
2381189
14551968
11416156
6829445
5609512
11819424
11108914
9338808
4659950
707688
13185595
2190090
3309024
10700497
6224188
16298419
2339061
2687881
8508872
